1,1906,WASHINGTON,NA,794034.5363
2,1906,WASHINGTON,NA,794034.5363
3,1906,WASHINGTON,NA,794034.5363
4,1906,WASHINGTON,NA,794034.5363
5,1906,WASHINGTON,NA,794034.5363
6,1906,WASHINGTON,NA,794034.5363
7,1906,WASHINGTON,NA,794034.5363
8,1906,WASHINGTON,NA,794034.5363
9,1906,WASHINGTON,NA,794034.5363
10,1906,WASHINGTON,NA,794034.5363
11,1906,WASHINGTON,NA,794034.5363
12,1906,WASHINGTON,NA,794034.5363
13,1906,WASHINGTON,NA,794034.5363
14,1906,WASHINGTON,NA,794034.5363
15,1906,WASHINGTON,NA,794034.5363
16,1906,WASHINGTON,NA,794034.5363
17,1906,WASHINGTON,NA,794034.5363
18,1906,WASHINGTON,NA,794034.5363
19,1906,WASHINGTON,NA,794034.5363
20,1906,WASHINGTON,NA,794034.5363
21,1906,WASHINGTON,NA,794034.5363
22,1906,WASHINGTON,NA,794034.5363
23,1906,WASHINGTON,NA,794034.5363
24,1906,WASHINGTON,NA,794034.5363
25,1906,WASHINGTON,NA,794034.5363
26,1906,WASHINGTON,NA,794034.5363
1,1907,WASHINGTON,NA,794034.5363
2,1907,WASHINGTON,NA,794034.5363
3,1907,WASHINGTON,NA,794034.5363
4,1907,WASHINGTON,NA,794034.5363
5,1907,WASHINGTON,NA,794034.5363
6,1907,WASHINGTON,NA,794034.5363
7,1907,WASHINGTON,NA,794034.5363
8,1907,WASHINGTON,32,794034.5363
9,1907,WASHINGTON,28,794034.5363
10,1907,WASHINGTON,13,794034.5363
11,1907,WASHINGTON,58,794034.5363
12,1907,WASHINGTON,101,794034.5363
13,1907,WASHINGTON,105,794034.5363
14,1907,WASHINGTON,64,794034.5363
15,1907,WASHINGTON,45,794034.5363
16,1907,WASHINGTON,14,794034.5363
17,1907,WASHINGTON,16,794034.5363
18,1907,WASHINGTON,6,794034.5363
19,1907,WASHINGTON,3,794034.5363
20,1907,WASHINGTON,NA,794034.5363
21,1907,WASHINGTON,6,794034.5363
22,1907,WASHINGTON,4,794034.5363
23,1907,WASHINGTON,2,794034.5363
24,1907,WASHINGTON,3,794034.5363
25,1907,WASHINGTON,14,794034.5363
26,1907,WASHINGTON,2,794034.5363
1,1908,WASHINGTON,7,794034.5363
2,1908,WASHINGTON,8,794034.5363
3,1908,WASHINGTON,29,794034.5363
4,1908,WASHINGTON,39,794034.5363
5,1908,WASHINGTON,45,794034.5363
6,1908,WASHINGTON,66,794034.5363
7,1908,WASHINGTON,104,794034.5363
8,1908,WASHINGTON,52,794034.5363
9,1908,WASHINGTON,85,794034.5363
10,1908,WASHINGTON,85,794034.5363
11,1908,WASHINGTON,102,794034.5363
12,1908,WASHINGTON,85,794034.5363
13,1908,WASHINGTON,64,794034.5363
14,1908,WASHINGTON,38,794034.5363
15,1908,WASHINGTON,28,794034.5363
16,1908,WASHINGTON,17,794034.5363
17,1908,WASHINGTON,6,794034.5363
18,1908,WASHINGTON,8,794034.5363
19,1908,WASHINGTON,3,794034.5363
20,1908,WASHINGTON,16,794034.5363
21,1908,WASHINGTON,6,794034.5363
22,1908,WASHINGTON,15,794034.5363
23,1908,WASHINGTON,13,794034.5363
24,1908,WASHINGTON,40,794034.5363
25,1908,WASHINGTON,34,794034.5363
26,1908,WASHINGTON,160,794034.5363
1,1909,WASHINGTON,587,794034.5363
2,1909,WASHINGTON,623,794034.5363
3,1909,WASHINGTON,953,794034.5363
4,1909,WASHINGTON,1210,794034.5363
5,1909,WASHINGTON,975,794034.5363
6,1909,WASHINGTON,767,794034.5363
7,1909,WASHINGTON,554,794034.5363
8,1909,WASHINGTON,323,794034.5363
9,1909,WASHINGTON,177,794034.5363
10,1909,WASHINGTON,128,794034.5363
11,1909,WASHINGTON,47,794034.5363
12,1909,WASHINGTON,55,794034.5363
13,1909,WASHINGTON,26,794034.5363
14,1909,WASHINGTON,17,794034.5363
15,1909,WASHINGTON,17,794034.5363
16,1909,WASHINGTON,7,794034.5363
17,1909,WASHINGTON,2,794034.5363
18,1909,WASHINGTON,2,794034.5363
19,1909,WASHINGTON,6,794034.5363
20,1909,WASHINGTON,4,794034.5363
21,1909,WASHINGTON,6,794034.5363
22,1909,WASHINGTON,2,794034.5363
23,1909,WASHINGTON,NA,794034.5363
24,1909,WASHINGTON,10,794034.5363
25,1909,WASHINGTON,8,794034.5363
26,1909,WASHINGTON,8,794034.5363
1,1910,WASHINGTON,8,794034.5363
2,1910,WASHINGTON,5,794034.5363
3,1910,WASHINGTON,3,794034.5363
4,1910,WASHINGTON,8,794034.5363
5,1910,WASHINGTON,16,794034.5363
6,1910,WASHINGTON,20,794034.5363
7,1910,WASHINGTON,18,794034.5363
8,1910,WASHINGTON,9,794034.5363
9,1910,WASHINGTON,9,794034.5363
10,1910,WASHINGTON,18,794034.5363
11,1910,WASHINGTON,27,794034.5363
12,1910,WASHINGTON,26,794034.5363
13,1910,WASHINGTON,13,794034.5363
14,1910,WASHINGTON,23,794034.5363
15,1910,WASHINGTON,11,794034.5363
16,1910,WASHINGTON,2,794034.5363
17,1910,WASHINGTON,2,794034.5363
18,1910,WASHINGTON,4,794034.5363
19,1910,WASHINGTON,NA,794034.5363
20,1910,WASHINGTON,NA,794034.5363
21,1910,WASHINGTON,NA,794034.5363
22,1910,WASHINGTON,NA,794034.5363
23,1910,WASHINGTON,NA,794034.5363
24,1910,WASHINGTON,NA,794034.5363
25,1910,WASHINGTON,12,794034.5363
26,1910,WASHINGTON,6,794034.5363
1,1911,WASHINGTON,13,794034.5363
2,1911,WASHINGTON,28,794034.5363
3,1911,WASHINGTON,26,794034.5363
4,1911,WASHINGTON,34,794034.5363
5,1911,WASHINGTON,71,794034.5363
6,1911,WASHINGTON,193,794034.5363
7,1911,WASHINGTON,238,794034.5363
8,1911,WASHINGTON,292,794034.5363
9,1911,WASHINGTON,471,794034.5363
10,1911,WASHINGTON,759,794034.5363
11,1911,WASHINGTON,587,794034.5363
12,1911,WASHINGTON,NA,794034.5363
13,1911,WASHINGTON,178,794034.5363
14,1911,WASHINGTON,81,794034.5363
15,1911,WASHINGTON,71,794034.5363
16,1911,WASHINGTON,30,794034.5363
17,1911,WASHINGTON,30,794034.5363
18,1911,WASHINGTON,6,794034.5363
19,1911,WASHINGTON,7,794034.5363
20,1911,WASHINGTON,4,794034.5363
21,1911,WASHINGTON,3,794034.5363
22,1911,WASHINGTON,7,794034.5363
23,1911,WASHINGTON,3,794034.5363
24,1911,WASHINGTON,14,794034.5363
25,1911,WASHINGTON,6,794034.5363
26,1911,WASHINGTON,8,794034.5363
1,1912,WASHINGTON,4,794034.5363
2,1912,WASHINGTON,4,794034.5363
3,1912,WASHINGTON,7,794034.5363
4,1912,WASHINGTON,8,794034.5363
5,1912,WASHINGTON,27,794034.5363
6,1912,WASHINGTON,62,794034.5363
7,1912,WASHINGTON,92,794034.5363
8,1912,WASHINGTON,104,794034.5363
9,1912,WASHINGTON,141,794034.5363
10,1912,WASHINGTON,187,794034.5363
11,1912,WASHINGTON,253,794034.5363
12,1912,WASHINGTON,213,794034.5363
13,1912,WASHINGTON,110,794034.5363
14,1912,WASHINGTON,104,794034.5363
15,1912,WASHINGTON,39,794034.5363
16,1912,WASHINGTON,39,794034.5363
17,1912,WASHINGTON,8,794034.5363
18,1912,WASHINGTON,8,794034.5363
19,1912,WASHINGTON,17,794034.5363
20,1912,WASHINGTON,12,794034.5363
21,1912,WASHINGTON,6,794034.5363
22,1912,WASHINGTON,6,794034.5363
23,1912,WASHINGTON,4,794034.5363
24,1912,WASHINGTON,34,794034.5363
25,1912,WASHINGTON,72,794034.5363
26,1912,WASHINGTON,44,794034.5363
1,1913,WASHINGTON,124,794034.5363
2,1913,WASHINGTON,349,794034.5363
3,1913,WASHINGTON,530,794034.5363
4,1913,WASHINGTON,703,794034.5363
5,1913,WASHINGTON,947,794034.5363
6,1913,WASHINGTON,1051,794034.5363
7,1913,WASHINGTON,779,794034.5363
8,1913,WASHINGTON,496,794034.5363
9,1913,WASHINGTON,324,794034.5363
10,1913,WASHINGTON,884,794034.5363
11,1913,WASHINGTON,109,794034.5363
12,1913,WASHINGTON,80,794034.5363
13,1913,WASHINGTON,45,794034.5363
14,1913,WASHINGTON,24,794034.5363
15,1913,WASHINGTON,19,794034.5363
16,1913,WASHINGTON,4,794034.5363
17,1913,WASHINGTON,2,794034.5363
18,1913,WASHINGTON,2,794034.5363
19,1913,WASHINGTON,2,794034.5363
20,1913,WASHINGTON,2,794034.5363
21,1913,WASHINGTON,9,794034.5363
22,1913,WASHINGTON,12,794034.5363
23,1913,WASHINGTON,2,794034.5363
24,1913,WASHINGTON,8,794034.5363
25,1913,WASHINGTON,5,794034.5363
26,1913,WASHINGTON,3,794034.5363
1,1914,WASHINGTON,58,794034.5363
2,1914,WASHINGTON,101,794034.5363
3,1914,WASHINGTON,172,794034.5363
4,1914,WASHINGTON,148,794034.5363
5,1914,WASHINGTON,144,794034.5363
6,1914,WASHINGTON,97,794034.5363
7,1914,WASHINGTON,41,794034.5363
8,1914,WASHINGTON,29,794034.5363
9,1914,WASHINGTON,37,794034.5363
10,1914,WASHINGTON,22,794034.5363
11,1914,WASHINGTON,12,794034.5363
12,1914,WASHINGTON,16,794034.5363
13,1914,WASHINGTON,12,794034.5363
14,1914,WASHINGTON,NA,794034.5363
15,1914,WASHINGTON,NA,794034.5363
16,1914,WASHINGTON,NA,794034.5363
17,1914,WASHINGTON,4,794034.5363
18,1914,WASHINGTON,NA,794034.5363
19,1914,WASHINGTON,NA,794034.5363
20,1914,WASHINGTON,NA,794034.5363
21,1914,WASHINGTON,2,794034.5363
22,1914,WASHINGTON,21,794034.5363
23,1914,WASHINGTON,NA,794034.5363
24,1914,WASHINGTON,NA,794034.5363
25,1914,WASHINGTON,NA,794034.5363
26,1914,WASHINGTON,16,794034.5363
1,1915,WASHINGTON,27,794034.5363
2,1915,WASHINGTON,34,794034.5363
3,1915,WASHINGTON,44,794034.5363
4,1915,WASHINGTON,59,794034.5363
5,1915,WASHINGTON,54,794034.5363
6,1915,WASHINGTON,89,794034.5363
7,1915,WASHINGTON,146,794034.5363
8,1915,WASHINGTON,200,794034.5363
9,1915,WASHINGTON,260,794034.5363
10,1915,WASHINGTON,221,794034.5363
11,1915,WASHINGTON,204,794034.5363
12,1915,WASHINGTON,194,794034.5363
13,1915,WASHINGTON,125,794034.5363
14,1915,WASHINGTON,82,794034.5363
15,1915,WASHINGTON,54,794034.5363
16,1915,WASHINGTON,24,794034.5363
17,1915,WASHINGTON,25,794034.5363
18,1915,WASHINGTON,NA,794034.5363
19,1915,WASHINGTON,5,794034.5363
20,1915,WASHINGTON,6,794034.5363
21,1915,WASHINGTON,10,794034.5363
22,1915,WASHINGTON,NA,794034.5363
23,1915,WASHINGTON,4,794034.5363
24,1915,WASHINGTON,22,794034.5363
25,1915,WASHINGTON,24,794034.5363
26,1915,WASHINGTON,26,794034.5363
1,1916,WASHINGTON,40,794034.5363
2,1916,WASHINGTON,30,794034.5363
3,1916,WASHINGTON,41,794034.5363
4,1916,WASHINGTON,71,794034.5363
5,1916,WASHINGTON,110,794034.5363
6,1916,WASHINGTON,141,794034.5363
7,1916,WASHINGTON,226,794034.5363
8,1916,WASHINGTON,267,794034.5363
9,1916,WASHINGTON,251,794034.5363
10,1916,WASHINGTON,225,794034.5363
11,1916,WASHINGTON,224,794034.5363
12,1916,WASHINGTON,253,794034.5363
13,1916,WASHINGTON,294,794034.5363
14,1916,WASHINGTON,239,794034.5363
15,1916,WASHINGTON,120,794034.5363
16,1916,WASHINGTON,50,794034.5363
17,1916,WASHINGTON,15,794034.5363
18,1916,WASHINGTON,8,794034.5363
19,1916,WASHINGTON,8,794034.5363
20,1916,WASHINGTON,7,794034.5363
21,1916,WASHINGTON,2,794034.5363
22,1916,WASHINGTON,2,794034.5363
23,1916,WASHINGTON,6,794034.5363
24,1916,WASHINGTON,10,794034.5363
25,1916,WASHINGTON,7,794034.5363
26,1916,WASHINGTON,4,794034.5363
1,1917,WASHINGTON,9,794034.5363
2,1917,WASHINGTON,50,794034.5363
3,1917,WASHINGTON,81,794034.5363
4,1917,WASHINGTON,115,794034.5363
5,1917,WASHINGTON,189,794034.5363
6,1917,WASHINGTON,204,794034.5363
7,1917,WASHINGTON,331,794034.5363
8,1917,WASHINGTON,379,794034.5363
9,1917,WASHINGTON,471,794034.5363
10,1917,WASHINGTON,325,794034.5363
11,1917,WASHINGTON,377,794034.5363
12,1917,WASHINGTON,323,794034.5363
13,1917,WASHINGTON,256,794034.5363
14,1917,WASHINGTON,111,794034.5363
15,1917,WASHINGTON,70,794034.5363
16,1917,WASHINGTON,21,794034.5363
17,1917,WASHINGTON,20,794034.5363
18,1917,WASHINGTON,13,794034.5363
19,1917,WASHINGTON,15,794034.5363
20,1917,WASHINGTON,5,794034.5363
21,1917,WASHINGTON,9,794034.5363
22,1917,WASHINGTON,37,794034.5363
23,1917,WASHINGTON,105,794034.5363
24,1917,WASHINGTON,101,794034.5363
25,1917,WASHINGTON,127,794034.5363
26,1917,WASHINGTON,140,794034.5363
1,1918,WASHINGTON,164,794034.5363
2,1918,WASHINGTON,303,794034.5363
3,1918,WASHINGTON,477,794034.5363
4,1918,WASHINGTON,515,794034.5363
5,1918,WASHINGTON,721,794034.5363
6,1918,WASHINGTON,974,794034.5363
7,1918,WASHINGTON,1116,794034.5363
8,1918,WASHINGTON,1029,794034.5363
9,1918,WASHINGTON,683,794034.5363
10,1918,WASHINGTON,458,794034.5363
11,1918,WASHINGTON,229,794034.5363
12,1918,WASHINGTON,164,794034.5363
13,1918,WASHINGTON,62,794034.5363
14,1918,WASHINGTON,44,794034.5363
15,1918,WASHINGTON,31,794034.5363
16,1918,WASHINGTON,17,794034.5363
17,1918,WASHINGTON,13,794034.5363
18,1918,WASHINGTON,6,794034.5363
19,1918,WASHINGTON,4,794034.5363
20,1918,WASHINGTON,NA,794034.5363
21,1918,WASHINGTON,4,794034.5363
22,1918,WASHINGTON,3,794034.5363
23,1918,WASHINGTON,7,794034.5363
24,1918,WASHINGTON,4,794034.5363
25,1918,WASHINGTON,3,794034.5363
26,1918,WASHINGTON,6,794034.5363
1,1919,WASHINGTON,6,794034.5363
2,1919,WASHINGTON,4,794034.5363
3,1919,WASHINGTON,4,794034.5363
4,1919,WASHINGTON,4,794034.5363
5,1919,WASHINGTON,7,794034.5363
6,1919,WASHINGTON,8,794034.5363
7,1919,WASHINGTON,10,794034.5363
8,1919,WASHINGTON,12,794034.5363
9,1919,WASHINGTON,37,794034.5363
10,1919,WASHINGTON,14,794034.5363
11,1919,WASHINGTON,21,794034.5363
12,1919,WASHINGTON,12,794034.5363
13,1919,WASHINGTON,7,794034.5363
14,1919,WASHINGTON,6,794034.5363
15,1919,WASHINGTON,4,794034.5363
16,1919,WASHINGTON,NA,794034.5363
17,1919,WASHINGTON,NA,794034.5363
18,1919,WASHINGTON,3,794034.5363
19,1919,WASHINGTON,2,794034.5363
20,1919,WASHINGTON,3,794034.5363
21,1919,WASHINGTON,4,794034.5363
22,1919,WASHINGTON,4,794034.5363
23,1919,WASHINGTON,2,794034.5363
24,1919,WASHINGTON,3,794034.5363
25,1919,WASHINGTON,8,794034.5363
26,1919,WASHINGTON,4,794034.5363
1,1920,WASHINGTON,12,794034.5363
2,1920,WASHINGTON,20,794034.5363
3,1920,WASHINGTON,33,794034.5363
4,1920,WASHINGTON,35,794034.5363
5,1920,WASHINGTON,22,794034.5363
6,1920,WASHINGTON,30,794034.5363
7,1920,WASHINGTON,36,794034.5363
8,1920,WASHINGTON,36,794034.5363
9,1920,WASHINGTON,48,794034.5363
10,1920,WASHINGTON,35,794034.5363
11,1920,WASHINGTON,29,794034.5363
12,1920,WASHINGTON,27,794034.5363
13,1920,WASHINGTON,28,794034.5363
14,1920,WASHINGTON,33,794034.5363
15,1920,WASHINGTON,11,794034.5363
16,1920,WASHINGTON,16,794034.5363
17,1920,WASHINGTON,2,794034.5363
18,1920,WASHINGTON,4,794034.5363
19,1920,WASHINGTON,8,794034.5363
20,1920,WASHINGTON,4,794034.5363
21,1920,WASHINGTON,8,794034.5363
22,1920,WASHINGTON,21,794034.5363
23,1920,WASHINGTON,21,794034.5363
24,1920,WASHINGTON,24,794034.5363
25,1920,WASHINGTON,16,794034.5363
26,1920,WASHINGTON,13,794034.5363
1,1921,WASHINGTON,29,794034.5363
2,1921,WASHINGTON,74,794034.5363
3,1921,WASHINGTON,187,794034.5363
4,1921,WASHINGTON,343,794034.5363
5,1921,WASHINGTON,424,794034.5363
6,1921,WASHINGTON,523,794034.5363
7,1921,WASHINGTON,506,794034.5363
8,1921,WASHINGTON,490,794034.5363
9,1921,WASHINGTON,510,794034.5363
10,1921,WASHINGTON,367,794034.5363
11,1921,WASHINGTON,253,794034.5363
12,1921,WASHINGTON,180,794034.5363
13,1921,WASHINGTON,122,794034.5363
14,1921,WASHINGTON,67,794034.5363
15,1921,WASHINGTON,29,794034.5363
16,1921,WASHINGTON,4,794034.5363
17,1921,WASHINGTON,2,794034.5363
18,1921,WASHINGTON,NA,794034.5363
19,1921,WASHINGTON,3,794034.5363
20,1921,WASHINGTON,3,794034.5363
21,1921,WASHINGTON,6,794034.5363
22,1921,WASHINGTON,NA,794034.5363
23,1921,WASHINGTON,7,794034.5363
24,1921,WASHINGTON,18,794034.5363
25,1921,WASHINGTON,2,794034.5363
26,1921,WASHINGTON,7,794034.5363
1,1922,WASHINGTON,4,794034.5363
2,1922,WASHINGTON,9,794034.5363
3,1922,WASHINGTON,5,794034.5363
4,1922,WASHINGTON,14,794034.5363
5,1922,WASHINGTON,11,794034.5363
6,1922,WASHINGTON,15,794034.5363
7,1922,WASHINGTON,9,794034.5363
8,1922,WASHINGTON,36,794034.5363
9,1922,WASHINGTON,28,794034.5363
10,1922,WASHINGTON,50,794034.5363
11,1922,WASHINGTON,64,794034.5363
12,1922,WASHINGTON,74,794034.5363
13,1922,WASHINGTON,52,794034.5363
14,1922,WASHINGTON,38,794034.5363
15,1922,WASHINGTON,26,794034.5363
16,1922,WASHINGTON,7,794034.5363
17,1922,WASHINGTON,4,794034.5363
18,1922,WASHINGTON,NA,794034.5363
19,1922,WASHINGTON,4,794034.5363
20,1922,WASHINGTON,6,794034.5363
21,1922,WASHINGTON,NA,794034.5363
22,1922,WASHINGTON,2,794034.5363
23,1922,WASHINGTON,4,794034.5363
24,1922,WASHINGTON,7,794034.5363
25,1922,WASHINGTON,15,794034.5363
26,1922,WASHINGTON,34,794034.5363
1,1923,WASHINGTON,42,794034.5363
2,1923,WASHINGTON,91,794034.5363
3,1923,WASHINGTON,142,794034.5363
4,1923,WASHINGTON,163,794034.5363
5,1923,WASHINGTON,359,794034.5363
6,1923,WASHINGTON,685,794034.5363
7,1923,WASHINGTON,1083,794034.5363
8,1923,WASHINGTON,1559,794034.5363
9,1923,WASHINGTON,1354,794034.5363
10,1923,WASHINGTON,973,794034.5363
11,1923,WASHINGTON,598,794034.5363
12,1923,WASHINGTON,243,794034.5363
13,1923,WASHINGTON,110,794034.5363
14,1923,WASHINGTON,41,794034.5363
15,1923,WASHINGTON,29,794034.5363
16,1923,WASHINGTON,16,794034.5363
17,1923,WASHINGTON,4,794034.5363
18,1923,WASHINGTON,6,794034.5363
19,1923,WASHINGTON,2,794034.5363
20,1923,WASHINGTON,3,794034.5363
21,1923,WASHINGTON,4,794034.5363
22,1923,WASHINGTON,13,794034.5363
23,1923,WASHINGTON,11,794034.5363
24,1923,WASHINGTON,10,794034.5363
25,1923,WASHINGTON,16,794034.5363
26,1923,WASHINGTON,20,794034.5363
1,1924,WASHINGTON,11,794034.5363
2,1924,WASHINGTON,13,794034.5363
3,1924,WASHINGTON,20,794034.5363
4,1924,WASHINGTON,20,794034.5363
5,1924,WASHINGTON,19,794034.5363
6,1924,WASHINGTON,32,794034.5363
7,1924,WASHINGTON,37,794034.5363
8,1924,WASHINGTON,36,794034.5363
9,1924,WASHINGTON,52,794034.5363
10,1924,WASHINGTON,56,794034.5363
11,1924,WASHINGTON,40,794034.5363
12,1924,WASHINGTON,39,794034.5363
13,1924,WASHINGTON,14,794034.5363
14,1924,WASHINGTON,12,794034.5363
15,1924,WASHINGTON,3,794034.5363
16,1924,WASHINGTON,1,794034.5363
17,1924,WASHINGTON,2,794034.5363
18,1924,WASHINGTON,0,794034.5363
19,1924,WASHINGTON,3,794034.5363
20,1924,WASHINGTON,2,794034.5363
21,1924,WASHINGTON,3,794034.5363
22,1924,WASHINGTON,0,794034.5363
23,1924,WASHINGTON,2,794034.5363
24,1924,WASHINGTON,0,794034.5363
25,1924,WASHINGTON,8,794034.5363
26,1924,WASHINGTON,7,794034.5363
1,1925,WASHINGTON,25,794034.5363
2,1925,WASHINGTON,13,794034.5363
3,1925,WASHINGTON,19,794034.5363
4,1925,WASHINGTON,23,794034.5363
5,1925,WASHINGTON,35,794034.5363
6,1925,WASHINGTON,68,794034.5363
7,1925,WASHINGTON,79,794034.5363
8,1925,WASHINGTON,98,794034.5363
9,1925,WASHINGTON,94,794034.5363
10,1925,WASHINGTON,65,794034.5363
11,1925,WASHINGTON,55,794034.5363
12,1925,WASHINGTON,53,794034.5363
13,1925,WASHINGTON,52,794034.5363
14,1925,WASHINGTON,38,794034.5363
15,1925,WASHINGTON,14,794034.5363
16,1925,WASHINGTON,7,794034.5363
17,1925,WASHINGTON,6,794034.5363
18,1925,WASHINGTON,4,794034.5363
19,1925,WASHINGTON,4,794034.5363
20,1925,WASHINGTON,1,794034.5363
21,1925,WASHINGTON,4,794034.5363
22,1925,WASHINGTON,2,794034.5363
23,1925,WASHINGTON,6,794034.5363
24,1925,WASHINGTON,7,794034.5363
25,1925,WASHINGTON,12,794034.5363
26,1925,WASHINGTON,16,794034.5363
1,1926,WASHINGTON,31,794034.5363
2,1926,WASHINGTON,58,794034.5363
3,1926,WASHINGTON,92,794034.5363
4,1926,WASHINGTON,153,794034.5363
5,1926,WASHINGTON,360,794034.5363
6,1926,WASHINGTON,848,794034.5363
7,1926,WASHINGTON,1007,794034.5363
8,1926,WASHINGTON,1200,794034.5363
9,1926,WASHINGTON,1114,794034.5363
10,1926,WASHINGTON,780,794034.5363
11,1926,WASHINGTON,496,794034.5363
12,1926,WASHINGTON,237,794034.5363
13,1926,WASHINGTON,122,794034.5363
14,1926,WASHINGTON,65,794034.5363
15,1926,WASHINGTON,20,794034.5363
16,1926,WASHINGTON,5,794034.5363
17,1926,WASHINGTON,3,794034.5363
18,1926,WASHINGTON,0,794034.5363
19,1926,WASHINGTON,2,794034.5363
20,1926,WASHINGTON,3,794034.5363
21,1926,WASHINGTON,0,794034.5363
22,1926,WASHINGTON,1,794034.5363
23,1926,WASHINGTON,5,794034.5363
24,1926,WASHINGTON,2,794034.5363
25,1926,WASHINGTON,0,794034.5363
26,1926,WASHINGTON,2,794034.5363
1,1927,WASHINGTON,2,794034.5363
2,1927,WASHINGTON,5,794034.5363
3,1927,WASHINGTON,8,794034.5363
4,1927,WASHINGTON,8,794034.5363
5,1927,WASHINGTON,11,794034.5363
6,1927,WASHINGTON,11,794034.5363
7,1927,WASHINGTON,9,794034.5363
8,1927,WASHINGTON,14,794034.5363
9,1927,WASHINGTON,12,794034.5363
10,1927,WASHINGTON,9,794034.5363
11,1927,WASHINGTON,14,794034.5363
12,1927,WASHINGTON,5,794034.5363
13,1927,WASHINGTON,10,794034.5363
14,1927,WASHINGTON,9,794034.5363
15,1927,WASHINGTON,4,794034.5363
16,1927,WASHINGTON,0,794034.5363
17,1927,WASHINGTON,1,794034.5363
18,1927,WASHINGTON,0,794034.5363
19,1927,WASHINGTON,3,794034.5363
20,1927,WASHINGTON,5,794034.5363
21,1927,WASHINGTON,2,794034.5363
22,1927,WASHINGTON,3,794034.5363
23,1927,WASHINGTON,3,794034.5363
24,1927,WASHINGTON,1,794034.5363
25,1927,WASHINGTON,5,794034.5363
26,1927,WASHINGTON,6,794034.5363
1,1928,WASHINGTON,10,794034.5363
2,1928,WASHINGTON,25,794034.5363
3,1928,WASHINGTON,58,794034.5363
4,1928,WASHINGTON,115,794034.5363
5,1928,WASHINGTON,215,794034.5363
6,1928,WASHINGTON,380,794034.5363
7,1928,WASHINGTON,463,794034.5363
8,1928,WASHINGTON,347,794034.5363
9,1928,WASHINGTON,383,794034.5363
10,1928,WASHINGTON,415,794034.5363
11,1928,WASHINGTON,406,794034.5363
12,1928,WASHINGTON,207,794034.5363
13,1928,WASHINGTON,225,794034.5363
14,1928,WASHINGTON,52,794034.5363
15,1928,WASHINGTON,45,794034.5363
16,1928,WASHINGTON,23,794034.5363
17,1928,WASHINGTON,10,794034.5363
18,1928,WASHINGTON,0,794034.5363
19,1928,WASHINGTON,4,794034.5363
20,1928,WASHINGTON,5,794034.5363
21,1928,WASHINGTON,9,794034.5363
22,1928,WASHINGTON,2,794034.5363
23,1928,WASHINGTON,4,794034.5363
24,1928,WASHINGTON,6,794034.5363
25,1928,WASHINGTON,1,794034.5363
26,1928,WASHINGTON,1,794034.5363
1,1929,WASHINGTON,3,794034.5363
2,1929,WASHINGTON,6,794034.5363
3,1929,WASHINGTON,6,794034.5363
4,1929,WASHINGTON,11,794034.5363
5,1929,WASHINGTON,25,794034.5363
6,1929,WASHINGTON,43,794034.5363
7,1929,WASHINGTON,39,794034.5363
8,1929,WASHINGTON,43,794034.5363
9,1929,WASHINGTON,26,794034.5363
10,1929,WASHINGTON,63,794034.5363
11,1929,WASHINGTON,28,794034.5363
12,1929,WASHINGTON,49,794034.5363
13,1929,WASHINGTON,26,794034.5363
14,1929,WASHINGTON,13,794034.5363
15,1929,WASHINGTON,5,794034.5363
16,1929,WASHINGTON,2,794034.5363
17,1929,WASHINGTON,2,794034.5363
18,1929,WASHINGTON,2,794034.5363
19,1929,WASHINGTON,1,794034.5363
20,1929,WASHINGTON,5,794034.5363
21,1929,WASHINGTON,2,794034.5363
22,1929,WASHINGTON,3,794034.5363
23,1929,WASHINGTON,2,794034.5363
24,1929,WASHINGTON,2,794034.5363
25,1929,WASHINGTON,2,794034.5363
26,1929,WASHINGTON,0,794034.5363
1,1930,WASHINGTON,4,794034.5363
2,1930,WASHINGTON,5,794034.5363
3,1930,WASHINGTON,10,794034.5363
4,1930,WASHINGTON,24,794034.5363
5,1930,WASHINGTON,32,794034.5363
6,1930,WASHINGTON,15,794034.5363
7,1930,WASHINGTON,18,794034.5363
8,1930,WASHINGTON,38,794034.5363
9,1930,WASHINGTON,55,794034.5363
10,1930,WASHINGTON,107,794034.5363
11,1930,WASHINGTON,108,794034.5363
12,1930,WASHINGTON,135,794034.5363
13,1930,WASHINGTON,113,794034.5363
14,1930,WASHINGTON,65,794034.5363
15,1930,WASHINGTON,40,794034.5363
16,1930,WASHINGTON,25,794034.5363
17,1930,WASHINGTON,14,794034.5363
18,1930,WASHINGTON,10,794034.5363
19,1930,WASHINGTON,9,794034.5363
20,1930,WASHINGTON,6,794034.5363
21,1930,WASHINGTON,3,794034.5363
22,1930,WASHINGTON,5,794034.5363
23,1930,WASHINGTON,7,794034.5363
24,1930,WASHINGTON,7,794034.5363
25,1930,WASHINGTON,6,794034.5363
26,1930,WASHINGTON,28,794034.5363
1,1931,WASHINGTON,28,794034.5363
2,1931,WASHINGTON,52,794034.5363
3,1931,WASHINGTON,95,794034.5363
4,1931,WASHINGTON,175,794034.5363
5,1931,WASHINGTON,307,794034.5363
6,1931,WASHINGTON,503,794034.5363
7,1931,WASHINGTON,700,794034.5363
8,1931,WASHINGTON,574,794034.5363
9,1931,WASHINGTON,606,794034.5363
10,1931,WASHINGTON,601,794034.5363
11,1931,WASHINGTON,309,794034.5363
12,1931,WASHINGTON,141,794034.5363
13,1931,WASHINGTON,50,794034.5363
14,1931,WASHINGTON,20,794034.5363
15,1931,WASHINGTON,9,794034.5363
16,1931,WASHINGTON,5,794034.5363
17,1931,WASHINGTON,2,794034.5363
18,1931,WASHINGTON,2,794034.5363
19,1931,WASHINGTON,1,794034.5363
20,1931,WASHINGTON,1,794034.5363
21,1931,WASHINGTON,2,794034.5363
22,1931,WASHINGTON,3,794034.5363
23,1931,WASHINGTON,3,794034.5363
24,1931,WASHINGTON,7,794034.5363
25,1931,WASHINGTON,2,794034.5363
26,1931,WASHINGTON,2,794034.5363
1,1932,WASHINGTON,3,794034.5363
2,1932,WASHINGTON,3,794034.5363
3,1932,WASHINGTON,5,794034.5363
4,1932,WASHINGTON,5,794034.5363
5,1932,WASHINGTON,3,794034.5363
6,1932,WASHINGTON,5,794034.5363
7,1932,WASHINGTON,12,794034.5363
8,1932,WASHINGTON,14,794034.5363
9,1932,WASHINGTON,38,794034.5363
10,1932,WASHINGTON,44,794034.5363
11,1932,WASHINGTON,38,794034.5363
12,1932,WASHINGTON,42,794034.5363
13,1932,WASHINGTON,20,794034.5363
14,1932,WASHINGTON,7,794034.5363
15,1932,WASHINGTON,6,794034.5363
16,1932,WASHINGTON,1,794034.5363
17,1932,WASHINGTON,2,794034.5363
18,1932,WASHINGTON,1,794034.5363
19,1932,WASHINGTON,3,794034.5363
20,1932,WASHINGTON,3,794034.5363
21,1932,WASHINGTON,3,794034.5363
22,1932,WASHINGTON,1,794034.5363
23,1932,WASHINGTON,1,794034.5363
24,1932,WASHINGTON,5,794034.5363
25,1932,WASHINGTON,2,794034.5363
26,1932,WASHINGTON,6,794034.5363
1,1933,WASHINGTON,9,794034.5363
2,1933,WASHINGTON,4,794034.5363
3,1933,WASHINGTON,5,794034.5363
4,1933,WASHINGTON,7,794034.5363
5,1933,WASHINGTON,8,794034.5363
6,1933,WASHINGTON,8,794034.5363
7,1933,WASHINGTON,10,794034.5363
8,1933,WASHINGTON,16,794034.5363
9,1933,WASHINGTON,27,794034.5363
10,1933,WASHINGTON,49,794034.5363
11,1933,WASHINGTON,40,794034.5363
12,1933,WASHINGTON,43,794034.5363
13,1933,WASHINGTON,59,794034.5363
14,1933,WASHINGTON,33,794034.5363
15,1933,WASHINGTON,16,794034.5363
16,1933,WASHINGTON,12,794034.5363
17,1933,WASHINGTON,6,794034.5363
18,1933,WASHINGTON,2,794034.5363
19,1933,WASHINGTON,5,794034.5363
20,1933,WASHINGTON,2,794034.5363
21,1933,WASHINGTON,2,794034.5363
22,1933,WASHINGTON,7,794034.5363
23,1933,WASHINGTON,18,794034.5363
24,1933,WASHINGTON,27,794034.5363
25,1933,WASHINGTON,56,794034.5363
26,1933,WASHINGTON,63,794034.5363
1,1934,WASHINGTON,161,794034.5363
2,1934,WASHINGTON,293,794034.5363
3,1934,WASHINGTON,539,794034.5363
4,1934,WASHINGTON,886,794034.5363
5,1934,WASHINGTON,1069,794034.5363
6,1934,WASHINGTON,1317,794034.5363
7,1934,WASHINGTON,971,794034.5363
8,1934,WASHINGTON,555,794034.5363
9,1934,WASHINGTON,268,794034.5363
10,1934,WASHINGTON,169,794034.5363
11,1934,WASHINGTON,81,794034.5363
12,1934,WASHINGTON,48,794034.5363
13,1934,WASHINGTON,39,794034.5363
14,1934,WASHINGTON,19,794034.5363
15,1934,WASHINGTON,10,794034.5363
16,1934,WASHINGTON,3,794034.5363
17,1934,WASHINGTON,0,794034.5363
18,1934,WASHINGTON,1,794034.5363
19,1934,WASHINGTON,2,794034.5363
20,1934,WASHINGTON,2,794034.5363
21,1934,WASHINGTON,3,794034.5363
22,1934,WASHINGTON,5,794034.5363
23,1934,WASHINGTON,2,794034.5363
24,1934,WASHINGTON,3,794034.5363
25,1934,WASHINGTON,10,794034.5363
26,1934,WASHINGTON,5,794034.5363
1,1935,WASHINGTON,19,794034.5363
2,1935,WASHINGTON,100,794034.5363
3,1935,WASHINGTON,18,794034.5363
4,1935,WASHINGTON,18,794034.5363
5,1935,WASHINGTON,45,794034.5363
6,1935,WASHINGTON,126,794034.5363
7,1935,WASHINGTON,124,794034.5363
8,1935,WASHINGTON,142,794034.5363
9,1935,WASHINGTON,116,794034.5363
10,1935,WASHINGTON,122,794034.5363
11,1935,WASHINGTON,94,794034.5363
12,1935,WASHINGTON,64,794034.5363
13,1935,WASHINGTON,21,794034.5363
14,1935,WASHINGTON,30,794034.5363
15,1935,WASHINGTON,10,794034.5363
16,1935,WASHINGTON,3,794034.5363
17,1935,WASHINGTON,8,794034.5363
18,1935,WASHINGTON,0,794034.5363
19,1935,WASHINGTON,0,794034.5363
20,1935,WASHINGTON,1,794034.5363
21,1935,WASHINGTON,1,794034.5363
22,1935,WASHINGTON,0,794034.5363
23,1935,WASHINGTON,3,794034.5363
24,1935,WASHINGTON,3,794034.5363
25,1935,WASHINGTON,6,794034.5363
26,1935,WASHINGTON,1,794034.5363
1,1936,WASHINGTON,7,794034.5363
2,1936,WASHINGTON,15,794034.5363
3,1936,WASHINGTON,13,794034.5363
4,1936,WASHINGTON,29,794034.5363
5,1936,WASHINGTON,41,794034.5363
6,1936,WASHINGTON,100,794034.5363
7,1936,WASHINGTON,91,794034.5363
8,1936,WASHINGTON,136,794034.5363
9,1936,WASHINGTON,247,794034.5363
10,1936,WASHINGTON,373,794034.5363
11,1936,WASHINGTON,309,794034.5363
12,1936,WASHINGTON,225,794034.5363
13,1936,WASHINGTON,240,794034.5363
14,1936,WASHINGTON,108,794034.5363
15,1936,WASHINGTON,70,794034.5363
16,1936,WASHINGTON,27,794034.5363
17,1936,WASHINGTON,7,794034.5363
18,1936,WASHINGTON,5,794034.5363
19,1936,WASHINGTON,0,794034.5363
20,1936,WASHINGTON,4,794034.5363
21,1936,WASHINGTON,8,794034.5363
22,1936,WASHINGTON,12,794034.5363
23,1936,WASHINGTON,5,794034.5363
24,1936,WASHINGTON,5,794034.5363
25,1936,WASHINGTON,8,794034.5363
26,1936,WASHINGTON,11,794034.5363
1,1937,WASHINGTON,39,794034.5363
2,1937,WASHINGTON,60,794034.5363
3,1937,WASHINGTON,64,794034.5363
4,1937,WASHINGTON,138,794034.5363
5,1937,WASHINGTON,181,794034.5363
6,1937,WASHINGTON,173,794034.5363
7,1937,WASHINGTON,185,794034.5363
8,1937,WASHINGTON,201,794034.5363
9,1937,WASHINGTON,178,794034.5363
10,1937,WASHINGTON,211,794034.5363
11,1937,WASHINGTON,256,794034.5363
12,1937,WASHINGTON,186,794034.5363
13,1937,WASHINGTON,85,794034.5363
14,1937,WASHINGTON,67,794034.5363
15,1937,WASHINGTON,26,794034.5363
16,1937,WASHINGTON,9,794034.5363
17,1937,WASHINGTON,8,794034.5363
18,1937,WASHINGTON,6,794034.5363
19,1937,WASHINGTON,0,794034.5363
20,1937,WASHINGTON,4,794034.5363
21,1937,WASHINGTON,4,794034.5363
22,1937,WASHINGTON,4,794034.5363
23,1937,WASHINGTON,6,794034.5363
24,1937,WASHINGTON,6,794034.5363
25,1937,WASHINGTON,12,794034.5363
26,1937,WASHINGTON,16,794034.5363
1,1938,WASHINGTON,21,794034.5363
2,1938,WASHINGTON,24,794034.5363
3,1938,WASHINGTON,24,794034.5363
4,1938,WASHINGTON,10,794034.5363
5,1938,WASHINGTON,17,794034.5363
6,1938,WASHINGTON,29,794034.5363
7,1938,WASHINGTON,44,794034.5363
8,1938,WASHINGTON,42,794034.5363
9,1938,WASHINGTON,33,794034.5363
10,1938,WASHINGTON,29,794034.5363
11,1938,WASHINGTON,63,794034.5363
12,1938,WASHINGTON,44,794034.5363
13,1938,WASHINGTON,41,794034.5363
14,1938,WASHINGTON,22,794034.5363
15,1938,WASHINGTON,10,794034.5363
16,1938,WASHINGTON,8,794034.5363
17,1938,WASHINGTON,4,794034.5363
18,1938,WASHINGTON,3,794034.5363
19,1938,WASHINGTON,2,794034.5363
20,1938,WASHINGTON,7,794034.5363
21,1938,WASHINGTON,3,794034.5363
22,1938,WASHINGTON,1,794034.5363
23,1938,WASHINGTON,4,794034.5363
24,1938,WASHINGTON,3,794034.5363
25,1938,WASHINGTON,1,794034.5363
26,1938,WASHINGTON,4,794034.5363
1,1939,WASHINGTON,14,794034.5363
2,1939,WASHINGTON,27,794034.5363
3,1939,WASHINGTON,39,794034.5363
4,1939,WASHINGTON,29,794034.5363
5,1939,WASHINGTON,31,794034.5363
6,1939,WASHINGTON,107,794034.5363
7,1939,WASHINGTON,291,794034.5363
8,1939,WASHINGTON,557,794034.5363
9,1939,WASHINGTON,606,794034.5363
10,1939,WASHINGTON,803,794034.5363
11,1939,WASHINGTON,650,794034.5363
12,1939,WASHINGTON,325,794034.5363
13,1939,WASHINGTON,173,794034.5363
14,1939,WASHINGTON,82,794034.5363
15,1939,WASHINGTON,23,794034.5363
16,1939,WASHINGTON,13,794034.5363
17,1939,WASHINGTON,8,794034.5363
18,1939,WASHINGTON,3,794034.5363
19,1939,WASHINGTON,1,794034.5363
20,1939,WASHINGTON,1,794034.5363
21,1939,WASHINGTON,2,794034.5363
22,1939,WASHINGTON,2,794034.5363
23,1939,WASHINGTON,1,794034.5363
24,1939,WASHINGTON,6,794034.5363
25,1939,WASHINGTON,1,794034.5363
26,1939,WASHINGTON,2,794034.5363
1,1940,WASHINGTON,1,794034.5363
2,1940,WASHINGTON,8,794034.5363
3,1940,WASHINGTON,0,794034.5363
4,1940,WASHINGTON,4,794034.5363
5,1940,WASHINGTON,2,794034.5363
6,1940,WASHINGTON,6,794034.5363
7,1940,WASHINGTON,2,794034.5363
8,1940,WASHINGTON,7,794034.5363
9,1940,WASHINGTON,4,794034.5363
10,1940,WASHINGTON,8,794034.5363
11,1940,WASHINGTON,6,794034.5363
12,1940,WASHINGTON,8,794034.5363
13,1940,WASHINGTON,4,794034.5363
14,1940,WASHINGTON,3,794034.5363
15,1940,WASHINGTON,3,794034.5363
16,1940,WASHINGTON,3,794034.5363
17,1940,WASHINGTON,3,794034.5363
18,1940,WASHINGTON,4,794034.5363
19,1940,WASHINGTON,0,794034.5363
20,1940,WASHINGTON,2,794034.5363
21,1940,WASHINGTON,2,794034.5363
22,1940,WASHINGTON,5,794034.5363
23,1940,WASHINGTON,1,794034.5363
24,1940,WASHINGTON,4,794034.5363
25,1940,WASHINGTON,0,794034.5363
26,1940,WASHINGTON,8,794034.5363
1,1941,WASHINGTON,6,794034.5363
2,1941,WASHINGTON,9,794034.5363
3,1941,WASHINGTON,28,794034.5363
4,1941,WASHINGTON,90,794034.5363
5,1941,WASHINGTON,156,794034.5363
6,1941,WASHINGTON,413,794034.5363
7,1941,WASHINGTON,604,794034.5363
8,1941,WASHINGTON,687,794034.5363
9,1941,WASHINGTON,564,794034.5363
10,1941,WASHINGTON,508,794034.5363
11,1941,WASHINGTON,422,794034.5363
12,1941,WASHINGTON,383,794034.5363
13,1941,WASHINGTON,191,794034.5363
14,1941,WASHINGTON,97,794034.5363
15,1941,WASHINGTON,44,794034.5363
16,1941,WASHINGTON,22,794034.5363
17,1941,WASHINGTON,13,794034.5363
18,1941,WASHINGTON,12,794034.5363
19,1941,WASHINGTON,6,794034.5363
20,1941,WASHINGTON,6,794034.5363
21,1941,WASHINGTON,11,794034.5363
22,1941,WASHINGTON,1,794034.5363
23,1941,WASHINGTON,2,794034.5363
24,1941,WASHINGTON,6,794034.5363
25,1941,WASHINGTON,6,794034.5363
26,1941,WASHINGTON,5,794034.5363
1,1942,WASHINGTON,13,794034.5363
2,1942,WASHINGTON,28,794034.5363
3,1942,WASHINGTON,0,794034.5363
4,1942,WASHINGTON,78,794034.5363
5,1942,WASHINGTON,97,794034.5363
6,1942,WASHINGTON,171,794034.5363
7,1942,WASHINGTON,225,794034.5363
8,1942,WASHINGTON,194,794034.5363
9,1942,WASHINGTON,205,794034.5363
10,1942,WASHINGTON,203,794034.5363
11,1942,WASHINGTON,109,794034.5363
12,1942,WASHINGTON,88,794034.5363
13,1942,WASHINGTON,67,794034.5363
14,1942,WASHINGTON,24,794034.5363
15,1942,WASHINGTON,10,794034.5363
16,1942,WASHINGTON,3,794034.5363
17,1942,WASHINGTON,5,794034.5363
18,1942,WASHINGTON,5,794034.5363
19,1942,WASHINGTON,2,794034.5363
20,1942,WASHINGTON,2,794034.5363
21,1942,WASHINGTON,0,794034.5363
22,1942,WASHINGTON,0,794034.5363
23,1942,WASHINGTON,4,794034.5363
24,1942,WASHINGTON,6,794034.5363
25,1942,WASHINGTON,5,794034.5363
26,1942,WASHINGTON,4,794034.5363
1,1943,WASHINGTON,22,794034.5363
2,1943,WASHINGTON,68,794034.5363
3,1943,WASHINGTON,118,794034.5363
4,1943,WASHINGTON,174,794034.5363
5,1943,WASHINGTON,188,794034.5363
6,1943,WASHINGTON,191,794034.5363
7,1943,WASHINGTON,132,794034.5363
8,1943,WASHINGTON,161,794034.5363
9,1943,WASHINGTON,77,794034.5363
10,1943,WASHINGTON,242,794034.5363
11,1943,WASHINGTON,176,794034.5363
12,1943,WASHINGTON,163,794034.5363
13,1943,WASHINGTON,115,794034.5363
14,1943,WASHINGTON,72,794034.5363
15,1943,WASHINGTON,54,794034.5363
16,1943,WASHINGTON,29,794034.5363
17,1943,WASHINGTON,12,794034.5363
18,1943,WASHINGTON,7,794034.5363
19,1943,WASHINGTON,1,794034.5363
20,1943,WASHINGTON,2,794034.5363
21,1943,WASHINGTON,2,794034.5363
22,1943,WASHINGTON,10,794034.5363
23,1943,WASHINGTON,21,794034.5363
24,1943,WASHINGTON,17,794034.5363
25,1943,WASHINGTON,64,794034.5363
26,1943,WASHINGTON,64,794034.5363
1,1944,WASHINGTON,60,794034.5363
2,1944,WASHINGTON,96,794034.5363
3,1944,WASHINGTON,111,794034.5363
4,1944,WASHINGTON,233,794034.5363
5,1944,WASHINGTON,286,794034.5363
6,1944,WASHINGTON,282,794034.5363
7,1944,WASHINGTON,280,794034.5363
8,1944,WASHINGTON,433,794034.5363
9,1944,WASHINGTON,408,794034.5363
10,1944,WASHINGTON,372,794034.5363
11,1944,WASHINGTON,235,794034.5363
12,1944,WASHINGTON,209,794034.5363
13,1944,WASHINGTON,76,794034.5363
14,1944,WASHINGTON,52,794034.5363
15,1944,WASHINGTON,15,794034.5363
16,1944,WASHINGTON,13,794034.5363
17,1944,WASHINGTON,5,794034.5363
18,1944,WASHINGTON,3,794034.5363
19,1944,WASHINGTON,1,794034.5363
20,1944,WASHINGTON,2,794034.5363
21,1944,WASHINGTON,3,794034.5363
22,1944,WASHINGTON,4,794034.5363
23,1944,WASHINGTON,3,794034.5363
24,1944,WASHINGTON,4,794034.5363
25,1944,WASHINGTON,6,794034.5363
26,1944,WASHINGTON,5,794034.5363
1,1945,WASHINGTON,16,794034.5363
2,1945,WASHINGTON,9,794034.5363
3,1945,WASHINGTON,12,794034.5363
4,1945,WASHINGTON,16,794034.5363
5,1945,WASHINGTON,20,794034.5363
6,1945,WASHINGTON,29,794034.5363
7,1945,WASHINGTON,13,794034.5363
8,1945,WASHINGTON,16,794034.5363
9,1945,WASHINGTON,14,794034.5363
10,1945,WASHINGTON,15,794034.5363
11,1945,WASHINGTON,12,794034.5363
12,1945,WASHINGTON,4,794034.5363
13,1945,WASHINGTON,5,794034.5363
14,1945,WASHINGTON,2,794034.5363
15,1945,WASHINGTON,0,794034.5363
16,1945,WASHINGTON,1,794034.5363
17,1945,WASHINGTON,0,794034.5363
18,1945,WASHINGTON,0,794034.5363
19,1945,WASHINGTON,2,794034.5363
20,1945,WASHINGTON,1,794034.5363
21,1945,WASHINGTON,2,794034.5363
22,1945,WASHINGTON,5,794034.5363
23,1945,WASHINGTON,3,794034.5363
24,1945,WASHINGTON,3,794034.5363
25,1945,WASHINGTON,3,794034.5363
26,1945,WASHINGTON,4,794034.5363
1,1946,WASHINGTON,16,794034.5363
2,1946,WASHINGTON,18,794034.5363
3,1946,WASHINGTON,36,794034.5363
4,1946,WASHINGTON,90,794034.5363
5,1946,WASHINGTON,276,794034.5363
6,1946,WASHINGTON,393,794034.5363
7,1946,WASHINGTON,635,794034.5363
8,1946,WASHINGTON,481,794034.5363
9,1946,WASHINGTON,811,794034.5363
10,1946,WASHINGTON,670,794034.5363
11,1946,WASHINGTON,387,794034.5363
12,1946,WASHINGTON,264,794034.5363
13,1946,WASHINGTON,155,794034.5363
14,1946,WASHINGTON,74,794034.5363
15,1946,WASHINGTON,44,794034.5363
16,1946,WASHINGTON,23,794034.5363
17,1946,WASHINGTON,14,794034.5363
18,1946,WASHINGTON,4,794034.5363
19,1946,WASHINGTON,9,794034.5363
20,1946,WASHINGTON,9,794034.5363
21,1946,WASHINGTON,2,794034.5363
22,1946,WASHINGTON,9,794034.5363
23,1946,WASHINGTON,4,794034.5363
24,1946,WASHINGTON,2,794034.5363
25,1946,WASHINGTON,28,794034.5363
26,1946,WASHINGTON,34,794034.5363
1,1947,WASHINGTON,50,794034.5363
2,1947,WASHINGTON,35,794034.5363
3,1947,WASHINGTON,36,794034.5363
4,1947,WASHINGTON,24,794034.5363
5,1947,WASHINGTON,27,794034.5363
6,1947,WASHINGTON,51,794034.5363
7,1947,WASHINGTON,49,794034.5363
8,1947,WASHINGTON,68,794034.5363
9,1947,WASHINGTON,57,794034.5363
10,1947,WASHINGTON,19,794034.5363
11,1947,WASHINGTON,19,794034.5363
12,1947,WASHINGTON,13,794034.5363
13,1947,WASHINGTON,16,794034.5363
14,1947,WASHINGTON,11,794034.5363
15,1947,WASHINGTON,3,794034.5363
16,1947,WASHINGTON,5,794034.5363
17,1947,WASHINGTON,10,794034.5363
18,1947,WASHINGTON,10,794034.5363
19,1947,WASHINGTON,2,794034.5363
20,1947,WASHINGTON,3,794034.5363
21,1947,WASHINGTON,8,794034.5363
22,1947,WASHINGTON,6,794034.5363
23,1947,WASHINGTON,3,794034.5363
24,1947,WASHINGTON,7,794034.5363
25,1947,WASHINGTON,16,794034.5363
26,1947,WASHINGTON,30,794034.5363
1,1948,WASHINGTON,93,794034.5363
2,1948,WASHINGTON,96,794034.5363
3,1948,WASHINGTON,177,794034.5363
4,1948,WASHINGTON,290,794034.5363
5,1948,WASHINGTON,334,794034.5363
6,1948,WASHINGTON,283,794034.5363
7,1948,WASHINGTON,245,794034.5363
8,1948,WASHINGTON,321,794034.5363
9,1948,WASHINGTON,247,794034.5363
10,1948,WASHINGTON,239,794034.5363
11,1948,WASHINGTON,267,794034.5363
12,1948,WASHINGTON,160,794034.5363
13,1948,WASHINGTON,96,794034.5363
14,1948,WASHINGTON,NA,794034.5363
15,1948,WASHINGTON,NA,794034.5363
16,1948,WASHINGTON,NA,794034.5363
17,1948,WASHINGTON,NA,794034.5363
18,1948,WASHINGTON,NA,794034.5363
19,1948,WASHINGTON,NA,794034.5363
20,1948,WASHINGTON,NA,794034.5363
21,1948,WASHINGTON,NA,794034.5363
22,1948,WASHINGTON,NA,794034.5363
23,1948,WASHINGTON,NA,794034.5363
24,1948,WASHINGTON,NA,794034.5363
25,1948,WASHINGTON,NA,794034.5363
26,1948,WASHINGTON,NA,794034.5363
